—13-

507. 0325. π 60. 135. 464. ρ 272.
311. 380. 512. 579. χ 194. Π 20.
ω55ψηΜξΜΕ
473. φῆσθα Φ 186. ἔφηθβ 377.
mwmnwwmmm.
6 185. 7361. 386. 503. v 120. 137.
χ 433. 465. ψ 181. ω 397. A 584.
B 265. Ε 111. 607. Ι 684. Α 719.
Φ 136. 502. μετέφη 6 660. 0132.
π 363. σ 42. 51. 312. ‘0 270. φ
140. 274. Α 58. Β 411. Δ 153. Τ
’ 55. 100. προσέφη α 63. 156. 383.
β 348. 399. 6 30. 59. 147. 168.
203. 265. 332. 641. 824. 835. 821„
214, ζ 24. η 178. 207. 240. 302.
0 152. 165. 412. 423. 463. 474.
486. ι 1. 407. 446. 7. 354. 377.
565. μ384. v 49. 139. 153. 311.
382. 416. ξ 191. 390. 439. 0 9.
110. 380. π 201. ρ 16. 192. 353.
453. 477. 614. 124. 284. 337. 365.
τ 15. 41. 70. 106. 164. 220. 261.
335. 382. 499, 554. 582. v 36. 168.
183. 226. φ 256. 380. χ 34. 60.
105. 170. 320. 371. 390. 394. 430.
490. ψ 129. 247. 263. ω 302. 330.
356. 406. 477. 516. 541. Α 84. 130.
, 148. 215. 285. 364. 511. 517. 560.
Β 172. 369· 790. 795. Γ 129. Δ,
30. 183. 188. 349. 356. 401. 411.
Ε 108. 251. 286. 427. 439. 689.
764. 814. 888. Z342. 520. H 283.
405. 454. Θ 38. 208. 469. 484. I
'196 307. 606. 643. K 42. 369.
382. 400. 423. 446. 508. 554. Λ
199. 316. 361. 384. 607. M 230.
309. N 46. 67. 76. 215. 248. 768.
Ξ 41. 82. 312. 341. Ο 173. 184.
220. 243. 246. Π 48. 555. 666. 706.
720. 842. Ρ18. 169. 326. 474. [585]
684. Σ 78. 97. 187. 284. Τ 145.
154. 198. 215. 404. 419. Τ 19. 82.
430. Φ 212. 222. 228. 435. 478.
X 14. 182. 260. 337. 344. 355. Ψ
93. 438. 46 55. 64. 87. 138. 299.
559. 649. φῆ 6 504. 6567. 7. 237.
v 175. ξ 382. ρ 142. ω 470. Β37.
Φ 361. Ω. 608. φάμεν 6 664. ι
496. π 347. ω 24. Θ 229. Ψ 440.
ἔφασαν κ 35. 46. ν 384. 0700.
φάσαν 1500. κ 67. μ192. φ 366.

χ 31. Β 278. Δ 374. ἔφαν ι 413.
ΗῃωμωρΜΛω
,Μφψψωηωωμ
181. 206. K 295. N 89. φάν β

ωηωωωαωμπφ
κΜψΜἾΜ-ώπ
ωῃωψωῃαφώ
φασθε Ι 422. 649. -’- φάσθαι3
Μωωαωοωρω
oemAmsmAmo
mmffimfflmmstm

παρφάσθαι π 287. τ 6. προσφά-

σθαι φ 106. - φάμενος Ε 290.
παρφάμενος β 189. M 249. παραι-
φάμενος 12 771. φαμένη 1. 150.
vmawffiwffissaeaxw.
460. φάμενοι ν 446. - ἐφάμην1
6 382. 398. 471. 491. 554. ι 272.
287. 353. 368. 480. 506. 526. κ 70. ’

’ΜΜΜΜΜΜΜ

550. 566. 159. 145. 180. 215. 404.
440. 487. 538. 563. μ 115.’ 222·
277. 303. 324. ν 357. ξ 481. 490.
π 24. 542. τ 148. ν 90. Γ 366.
Ε 190. (9498. Μ 165. 0251. Ρ
171. φάμην ν 131. Χ 298. ἔφατο
Π 548. Τ 112. 301. 338. 1¹31. Φ
277. X 429. 437. 515. 52 746. 760.
wamfwffimym
374. 385. 6 216. 296. 311. 375.
394. 464. 481. 538. 548. 610. ε 43.
181. 225. 301. ζ 66. 254. 3287]
330. 6 194. 266. 291. 343. 433. ι
522. 536. ν 261. 270. 280. 319.
336. 382. 406. 438. 496. 541. λ 79.
138163. 204. 247. 435. 462. 477.
504. μ 111. 142. 294. 362. ν 16.
ξ 52. 499. ο 56. 124. 530. u 406.
417. ζ) 147. 215. 374. 458. 650.
78. 163. 290. 387. τ 90. 402. 551.
οηπΑφῃΜωφάαά
167. 248. 269. 287. χ 492. ψ 96.
ω 492. Α 33, 43. 361. 457. 568.
Β 166. 333. 394. 419. 441. Γ398.
418. 461. Δ 68. 198. 272. 326. Ε
106. 121. 372. 719. 767. Ζ 253.
311. 406. 485. Η 43. 108. 097.
112. 198. 381. 409. Ι 688. 11240.
Λ 195. 516. 592. Μ 173. 329. 351.
364. Ν 417. Ξ 218. 232. 277. 297.
458. 486. Ο 78. 113. 168. 236. 377.

 

